Press any key to continue . . . 
nodes: 56
edges: 138
max degree: 13
Using 8 threads

naiive
Time taken: 0.0113603
0 0 0 0 0 0 0 0 0 0 0 0 0 0 0
2 0 3 0 0 0 0 0 0 0 0 0 0 0 0
8 0 5 8 0 0 0 0 0 8 0 0 0 0 0
11 0 7 18 0 0 0 0 0 11 0 0 0 0 0
7 0 9 6 0 0 0 0 0 2 0 0 0 0 0
3 0 2 2 0 0 0 0 0 0 0 0 0 0 0
9 2 7 14 0 0 9 4 0 3 0 0 0 0 0
10 0 11 12 0 0 0 0 0 7 0 0 0 0 0
4 0 20 3 0 0 0 0 0 1 0 0 0 0 0
0 0 0 0 0 0 0 0 0 0 0 0 0 0 0
2 0 6 0 1 0 0 0 0 1 0 0 0 0 0
2 0 9 0 0 0 0 0 0 0 0 0 0 0 0
4 0 5 3 1 0 0 0 0 1 0 0 0 0 0
8 0 20 11 0 0 0 0 0 6 0 0 0 0 0
2 0 6 1 0 0 0 0 0 0 0 0 0 0 0
1 0 0 0 0 0 0 0 0 0 0 0 0 0 0
4 0 5 4 0 0 0 0 0 0 0 0 0 0 0
8 0 17 3 0 0 0 0 0 2 0 0 0 0 0
7 1 19 8 0 0 1 5 0 7 0 0 2 0 0
2 0 4 0 0 0 0 0 0 0 0 0 0 0 0
4 0 13 3 0 0 0 0 0 1 0 0 0 0 0
5 0 5 5 0 0 0 0 0 4 0 0 0 0 0
2 1 9 0 0 7 0 0 0 0 0 0 0 0 0
4 1 5 0 0 0 0 4 0 0 0 0 0 0 0
6 0 15 6 0 0 0 0 0 6 0 0 0 0 0
1 0 0 0 0 0 0 0 0 0 0 0 0 0 0
5 0 15 5 0 0 0 0 0 3 0 0 0 0 0
5 1 14 3 0 0 0 5 0 5 0 0 2 0 0
7 0 20 11 1 0 0 0 0 7 0 0 0 0 0
0 0 0 0 0 0 0 0 0 0 0 0 0 0 0
7 0 33 2 0 0 0 0 0 13 0 0 0 0 0
5 0 15 3 0 0 0 0 0 0 0 0 0 0 0
10 0 28 16 2 0 0 0 0 4 0 0 0 0 0
10 0 13 18 1 0 0 0 0 17 0 0 0 0 0
3 0 4 1 0 0 0 0 0 0 0 0 0 0 0
2 0 2 0 0 0 0 0 0 0 0 0 0 0 0
3 0 18 1 2 0 0 0 0 2 0 0 0 0 0
10 0 11 16 0 0 0 0 0 7 0 0 0 0 0
3 0 3 0 0 0 0 0 0 2 0 0 0 0 0
9 0 32 12 1 0 0 0 0 11 0 0 0 0 0
6 1 44 3 0 0 1 12 0 9 0 0 1 0 0
9 0 7 10 0 0 0 0 0 9 0 0 0 0 0
1 0 2 0 0 0 0 0 0 0 0 0 0 0 0
1 0 2 0 0 0 0 0 0 0 0 0 0 0 0
3 0 15 0 1 0 0 0 0 3 0 0 0 0 0
0 0 0 0 0 0 0 0 0 0 0 0 0 0 0
1 0 0 0 0 0 0 0 0 0 0 0 0 0 0
5 1 8 8 0 0 0 2 0 2 0 0 1 0 0
3 1 19 1 0 0 0 11 0 0 0 0 1 0 0
0 1 0 0 0 0 0 4 0 0 0 0 0 0 0
0 0 0 0 0 0 0 0 0 0 0 0 0 0 0
0 11 0 0 0 8 0 0 31 0 0 0 0 10 0
5 1 18 5 0 0 0 5 0 7 0 0 2 0 0
0 0 0 0 0 0 0 0 0 0 0 0 0 0 0
12 1 30 44 0 0 1 3 0 14 0 0 5 0 0
11 1 41 30 1 0 1 5 0 7 0 0 3 0 0
