246 9355
1 3
1 6
1 7
1 8
1 10
1 11
1 12
1 19
1 21
1 22
1 23
1 24
1 30
1 31
1 34
1 36
1 37
1 38
1 39
1 40
1 41
1 42
1 43
1 44
1 47
1 48
1 49
1 51
1 52
1 55
1 56
1 58
1 59
1 62
1 63
1 64
1 69
1 70
1 73
1 74
1 76
1 77
1 80
81 82
3 81
4 81
81 86
81 87
81 89
7 81
81 90
81 91
81 94
8 81
81 95
81 96
81 97
9 81
81 99
81 101
81 102
11 81
81 103
12 81
14 81
81 110
81 111
81 112
15 81
81 113
16 81
81 114
81 115
81 117
81 118
81 119
20 81
21 81
22 81
81 123
24 81
81 125
81 126
25 81
81 128
27 81
28 81
30 81
31 81
32 81
81 130
35 81
37 81
38 81
39 81
81 133
40 81
81 134
81 135
81 136
42 81
81 138
81 139
43 81
81 142
81 143
81 144
45 81
81 146
81 147
81 148
81 153
81 156
50 81
81 158
81 159
52 81
81 162
54 81
81 168
57 81
81 169
65 81
66 81
81 174
81 176
69 81
81 179
81 181
81 182
75 81
81 183
78 81
81 185
1 82
82 84
82 187
2 82
4 82
82 87
6 82
82 88
82 89
82 91
82 92
8 82
82 95
82 101
82 105
82 106
13 82
82 190
82 191
82 110
82 111
82 113
82 115
82 116
82 117
82 118
21 82
82 121
23 82
82 122
82 125
25 82
82 128
82 129
26 82
27 82
28 82
29 82
30 82
32 82
34 82
82 132
41 82
82 196
82 135
82 136
82 138
82 140
82 197
43 82
44 82
82 141
82 142
82 147
82 148
82 149
82 200
82 152
82 154
82 155
49 82
50 82
82 161
51 82
52 82
53 82
82 162
54 82
82 164
82 166
82 167
56 82
82 203
82 169
58 82
60 82
62 82
82 171
63 82
82 204
65 82
69 82
75 82
77 82
82 184
82 186
1 85
5 85
6 85
85 89
85 90
85 94
85 95
85 97
9 85
10 85
85 101
85 104
85 106
14 85
85 190
85 109
85 110
15 85
16 85
85 115
17 85
85 116
85 119
21 85
22 85
23 85
85 125
25 85
27 85
28 85
32 85
33 85
40 85
42 85
85 138
85 140
85 142
85 144
85 208
85 147
85 149
85 150
47 85
85 200
48 85
85 153
85 155
85 156
85 157
50 85
85 158
51 85
54 85
55 85
85 164
61 85
85 170
62 85
85 171
63 85
85 172
85 173
66 85
85 174
67 85
68 85
85 175
70 85
72 85
85 210
76 85
77 85
85 184
80 85
2 3
3 86
3 6
3 89
3 91
3 93
3 8
3 211
3 98
3 99
3 189
3 12
3 13
3 14
3 190
3 191
3 109
3 110
3 111
3 112
3 15
3 16
3 17
3 116
3 18
3 119
3 120
3 194
3 24
3 125
3 25
3 128
3 195
3 207
3 26
3 27
3 31
3 33
3 34
3 131
3 36
3 37
3 38
3 40
3 134
3 196
3 135
3 137
3 42
3 138
3 139
3 43
3 143
3 144
3 45
3 46
3 145
3 147
3 149
3 150
3 47
3 151
3 213
3 154
3 155
3 49
3 214
3 215
3 50
3 158
3 160
3 161
3 52
3 56
3 168
3 203
3 60
3 65
3 66
3 174
3 69
3 178
3 70
3 71
3 181
3 73
3 218
3 76
3 77
3 78
3 184
3 186
3 80
83 88
84 88
88 187
4 88
5 88
6 88
88 93
88 95
88 97
9 88
10 88
88 99
88 101
88 102
11 88
12 88
13 88
88 107
88 109
88 112
15 88
88 113
88 114
17 88
88 219
88 121
22 88
88 194
88 122
24 88
25 88
88 128
88 207
88 129
26 88
27 88
29 88
33 88
34 88
88 131
37 88
38 88
88 134
42 88
88 138
88 140
88 197
43 88
88 143
45 88
88 198
88 146
88 147
88 148
88 154
88 158
88 160
52 88
54 88
55 88
88 164
88 165
56 88
57 88
88 169
58 88
62 88
88 171
88 172
66 88
88 174
67 88
68 88
69 88
88 178
70 88
88 181
74 88
75 88
88 183
77 88
8 151
11 151
14 151
26 151
35 151
45 151
151 200
151 158
151 172
74 151
80 151
4 222
4 5
4 7
4 92
4 95
4 211
4 97
4 9
4 10
4 99
4 11
4 104
4 12
4 13
4 223
4 190
4 191
4 108
4 110
4 111
4 16
4 115
4 17
4 116
4 119
4 224
4 121
4 23
4 122
4 123
4 225
4 126
4 25
4 128
4 195
4 26
4 29
4 33
4 34
4 35
4 37
4 38
4 39
4 196
4 42
4 138
4 140
4 43
4 44
4 141
4 143
4 144
4 46
4 198
4 145
4 146
4 199
4 150
4 213
4 48
4 153
4 49
4 156
4 201
4 157
4 158
4 160
4 51
4 227
4 52
4 53
4 228
4 54
4 216
4 163
4 165
4 166
4 56
4 58
4 59
4 170
4 62
4 66
4 174
4 68
4 232
4 177
4 178
4 71
4 180
4 72
4 73
4 74
4 75
4 233
4 76
4 77
4 184
4 185
4 186
4 205
5 84
5 187
2 5
5 86
5 87
5 6
5 89
5 7
5 95
5 98
5 100
5 102
5 11
5 103
5 189
5 13
5 206
5 223
5 14
5 191
5 108
5 109
5 15
5 113
5 16
5 116
5 117
5 192
5 19
5 119
5 20
5 21
5 224
5 120
5 22
5 193
5 194
5 23
5 225
5 24
5 124
5 25
5 207
5 27
5 29
5 34
5 130
5 35
5 37
5 39
5 41
5 135
5 136
5 42
5 139
5 197
5 43
5 141
5 142
5 144
5 45
5 198
5 146
5 208
5 147
5 148
5 149
5 212
5 200
5 213
5 48
5 155
5 220
5 49
5 156
5 157
5 50
5 160
5 161
5 51
5 52
5 53
5 162
5 54
5 221
5 164
5 167
5 202
5 57
5 58
5 59
5 60
5 61
5 63
5 231
5 173
5 65
5 66
5 67
5 175
5 176
5 232
5 177
5 69
5 178
5 182
5 76
5 183
5 77
5 184
5 79
5 186
5 205
5 80
2 84
2 187
2 86
2 87
2 6
2 7
2 92
2 93
2 8
2 11
2 104
2 12
2 106
2 109
2 112
2 115
2 18
2 219
2 20
2 21
2 120
2 121
2 22
2 23
2 122
2 126
2 128
2 195
2 26
2 27
2 32
2 33
2 130
2 131
2 35
2 36
2 37
2 38
2 133
2 40
2 41
2 137
2 43
2 142
2 144
2 198
2 146
2 199
2 148
2 150
2 48
2 154
2 220
2 49
2 161
2 162
2 54
2 55
2 56
2 57
2 58
2 61
2 62
2 65
2 66
2 174
2 67
2 177
2 179
2 72
2 182
2 74
2 75
2 78
2 184
2 205
2 80
6 87
87 88
7 87
87 188
87 92
87 95
87 96
87 98
10 87
87 99
87 100
11 87
87 189
12 87
87 105
14 87
87 190
87 108
87 111
87 114
17 87
87 116
18 87
87 219
20 87
87 224
87 120
22 87
87 193
87 125
87 126
87 127
87 207
27 87
29 87
31 87
34 87
87 131
37 87
38 87
39 87
87 133
87 134
41 87
87 139
87 140
43 87
87 142
45 87
46 87
87 145
87 208
87 147
87 149
87 150
47 87
87 200
87 152
87 153
87 155
87 220
49 87
87 160
87 161
87 227
53 87
87 229
87 162
55 87
87 163
87 165
87 230
87 167
87 202
87 168
87 169
58 87
60 87
87 170
87 217
62 87
63 87
64 87
87 231
87 174
87 176
87 232
87 177
69 87
70 87
87 179
87 183
78 87
87 185
80 87
1 89
83 89
84 89
89 187
6 89
89 91
89 94
89 98
10 89
89 101
89 103
89 104
89 189
12 89
89 106
89 223
14 89
89 190
89 107
89 110
89 113
89 114
17 89
89 116
18 89
89 192
89 119
21 89
22 89
23 89
89 126
25 89
89 127
89 195
28 89
33 89
34 89
89 131
35 89
38 89
39 89
89 133
89 134
41 89
89 196
89 135
89 136
89 137
42 89
89 138
89 142
89 143
89 144
46 89
89 198
89 145
89 146
89 208
89 148
89 149
89 212
89 234
89 152
89 213
48 89
89 153
89 155
89 156
89 158
89 159
89 227
52 89
53 89
89 162
54 89
55 89
89 163
89 165
89 209
89 167
89 168
57 89
89 203
89 169
59 89
61 89
65 89
66 89
89 177
89 178
71 89
89 179
89 180
89 181
72 89
89 182
73 89
74 89
76 89
77 89
79 89
7 222
7 83
7 86
7 188
7 91
7 92
7 8
7 96
7 211
7 9
7 99
7 100
7 101
7 102
7 104
7 105
7 106
7 13
7 206
7 223
7 107
7 110
7 113
7 16
7 114
7 17
7 117
7 118
7 119
7 21
7 224
7 238
7 121
7 22
7 193
7 23
7 123
7 225
7 24
7 124
7 125
7 126
7 128
7 195
7 207
7 29
7 31
7 32
7 34
7 131
7 35
7 36
7 37
7 38
7 132
7 39
7 134
7 41
7 196
7 135
7 136
7 137
7 138
7 140
7 197
7 43
7 44
7 142
7 143
7 144
7 145
7 208
7 148
7 149
7 47
7 200
7 48
7 153
7 236
7 49
7 214
7 156
7 201
7 50
7 161
7 51
7 52
7 53
7 228
7 229
7 54
7 55
7 221
7 165
7 166
7 167
7 56
7 168
7 57
7 169
7 58
7 59
7 60
7 217
7 63
7 204
7 173
7 65
7 66
7 174
7 68
7 175
7 177
7 69
7 178
7 70
7 71
7 179
7 180
7 181
7 72
7 182
7 74
7 233
7 76
7 183
7 78
7 184
7 205
7 80
90 95
91 95
95 97
9 95
95 101
95 106
13 95
14 95
95 109
95 110
95 111
95 114
95 115
95 116
19 95
21 95
95 122
95 123
95 128
95 195
26 95
28 95
32 95
33 95
34 95
95 131
38 95
95 132
39 95
95 134
95 135
43 95
95 141
95 142
45 95
95 208
95 199
47 95
95 200
49 95
95 157
95 158
95 160
95 161
52 95
55 95
95 209
56 95
58 95
95 170
62 95
95 172
69 95
70 95
72 95
73 95
74 95
95 184
80 95
1 113
113 187
85 113
6 113
91 113
92 113
8 113
9 113
99 113
102 113
113 189
105 113
106 113
13 113
14 113
107 113
110 113
113 115
113 117
18 113
113 120
113 121
22 113
113 122
113 123
113 127
113 195
26 113
27 113
29 113
32 113
113 130
35 113
37 113
39 113
40 113
113 135
42 113
113 139
113 140
113 143
113 144
45 113
113 147
113 149
113 152
113 154
113 155
113 158
51 113
113 227
53 113
113 228
55 113
56 113
113 168
113 203
113 169
59 113
61 113
63 113
64 113
113 174
113 175
113 176
113 177
69 113
113 178
113 179
113 181
74 113
113 183
77 113
80 113
83 90
90 187
3 90
86 90
6 90
90 92
8 90
90 99
90 102
11 90
90 104
12 90
90 106
13 90
90 206
14 90
16 90
90 114
90 116
90 121
23 90
90 122
90 125
90 207
26 90
27 90
28 90
29 90
33 90
35 90
37 90
39 90
90 133
90 134
90 136
43 90
90 144
45 90
90 145
90 212
47 90
90 152
48 90
90 161
51 90
90 227
52 90
53 90
54 90
55 90
90 164
90 209
90 166
57 90
90 169
58 90
59 90
61 90
90 170
62 90
63 90
66 90
90 177
90 179
90 181
72 90
73 90
74 90
76 90
77 90
91 222
91 188
91 93
8 91
91 96
91 98
9 91
10 91
91 101
91 102
11 91
91 103
91 189
12 91
91 105
91 206
91 223
14 91
91 191
91 110
91 112
15 91
91 114
91 115
17 91
91 116
18 91
91 219
91 118
91 119
21 91
91 120
91 123
91 225
24 91
91 124
91 127
91 129
27 91
29 91
31 91
32 91
35 91
36 91
38 91
91 132
40 91
91 135
91 137
91 139
43 91
91 141
91 142
91 143
91 144
46 91
91 149
91 150
47 91
91 200
91 151
91 152
91 153
91 154
49 91
91 156
91 158
91 159
91 161
54 91
55 91
91 216
91 165
91 202
58 91
59 91
60 91
61 91
91 170
91 171
91 231
91 173
66 91
91 174
91 176
91 177
69 91
91 178
71 91
91 179
91 180
91 181
73 91
74 91
91 184
91 205
84 92
92 188
92 93
92 96
92 98
9 92
92 103
92 189
12 92
92 105
13 92
14 92
92 191
92 111
92 112
15 92
16 92
92 115
17 92
18 92
19 92
20 92
21 92
92 121
22 92
23 92
92 122
24 92
92 125
25 92
92 207
27 92
33 92
35 92
36 92
37 92
38 92
92 132
39 92
92 133
40 92
92 134
92 196
92 135
92 136
92 137
42 92
92 138
92 139
92 141
92 143
92 144
92 146
92 199
92 148
92 150
92 152
48 92
92 153
92 154
92 155
49 92
92 158
51 92
92 227
52 92
53 92
92 229
92 162
54 92
55 92
92 216
92 221
92 163
92 164
92 202
56 92
57 92
92 203
92 169
58 92
60 92
61 92
92 171
64 92
92 172
66 92
92 174
67 92
92 176
92 177
69 92
92 178
70 92
92 179
92 180
72 92
75 92
92 183
78 92
92 184
80 92
83 93
84 93
93 187
85 93
86 93
8 93
9 93
93 100
11 93
93 104
93 189
12 93
93 106
13 93
14 93
93 191
93 110
93 111
93 112
93 117
18 93
19 93
93 119
20 93
93 121
93 193
24 93
26 93
27 93
30 93
33 93
34 93
93 131
36 93
93 132
93 134
41 93
93 196
93 135
93 137
42 93
93 138
93 139
93 140
43 93
93 141
93 143
93 144
45 93
46 93
93 147
93 148
93 149
93 200
93 151
93 153
93 155
50 93
93 158
93 161
51 93
52 93
53 93
54 93
55 93
93 216
93 164
56 93
93 168
57 93
60 93
61 93
93 170
63 93
93 173
93 174
93 177
70 93
93 179
75 93
77 93
80 93
8 83
8 84
8 187
8 86
8 94
8 211
8 97
8 10
8 99
8 100
8 101
8 103
8 104
8 13
8 223
8 107
8 191
8 109
8 110
8 111
8 15
8 16
8 114
8 115
8 116
8 117
8 192
8 219
8 118
8 21
8 22
8 193
8 23
8 123
8 225
8 124
8 125
8 126
8 25
8 129
8 26
8 28
8 31
8 32
8 33
8 131
8 35
8 36
8 37
8 38
8 132
8 39
8 40
8 134
8 135
8 42
8 138
8 140
8 197
8 142
8 143
8 144
8 45
8 145
8 146
8 148
8 212
8 47
8 234
8 235
8 152
8 213
8 48
8 155
8 220
8 226
8 214
8 158
8 159
8 161
8 51
8 53
8 228
8 216
8 165
8 167
8 57
8 58
8 60
8 61
8 170
8 217
8 171
8 172
8 173
8 174
8 68
8 175
8 69
8 178
8 70
8 182
8 75
8 218
8 76
8 183
8 77
8 185
8 79
8 186
8 80
1 98
82 98
86 98
6 98
9 98
10 98
98 99
98 101
98 102
11 98
12 98
13 98
98 206
14 98
98 109
98 110
98 112
16 98
98 115
17 98
21 98
98 122
24 98
98 129
28 98
30 98
32 98
33 98
34 98
35 98
38 98
98 132
41 98
98 196
98 136
98 138
98 140
43 98
44 98
98 144
98 145
98 147
98 199
98 148
98 212
98 150
47 98
98 200
98 213
98 155
49 98
98 156
52 98
98 168
59 98
62 98
98 172
65 98
68 98
98 175
98 178
70 98
98 179
74 98
76 98
98 185
80 98
9 84
9 187
9 99
9 101
9 102
9 189
9 12
9 105
9 13
9 14
9 190
9 107
9 191
9 108
9 109
9 16
9 114
9 18
9 192
9 20
9 224
9 238
9 120
9 194
9 122
9 24
9 125
9 126
9 25
9 127
9 207
9 28
9 30
9 31
9 33
9 34
9 39
9 133
9 41
9 135
9 136
9 42
9 138
9 141
9 142
9 144
9 46
9 198
9 146
9 199
9 212
9 150
9 47
9 200
9 234
9 152
9 48
9 153
9 154
9 155
9 49
9 156
9 157
9 158
9 159
9 51
9 52
9 53
9 54
9 55
9 164
9 165
9 209
9 167
9 56
9 168
9 57
9 58
9 61
9 170
9 217
9 62
9 171
9 63
9 204
9 172
9 66
9 174
9 175
9 69
9 181
9 74
9 233
9 78
9 205
9 80
1 183
84 183
183 187
6 183
100 183
103 183
183 189
106 183
13 183
14 183
109 183
117 183
18 183
21 183
121 183
22 183
183 193
23 183
24 183
25 183
26 183
28 183
30 183
31 183
33 183
130 183
131 183
36 183
134 183
41 183
183 196
136 183
137 183
43 183
142 183
143 183
147 183
149 183
47 183
48 183
154 183
155 183
49 183
50 183
158 183
159 183
51 183
183 227
52 183
166 183
57 183
59 183
60 183
61 183
63 183
66 183
67 183
68 183
176 183
177 183
181 183
182 183
73 183
74 183
76 183
183 184
6 99
99 101
99 102
11 99
14 99
16 99
99 117
20 99
99 127
99 195
27 99
29 99
30 99
32 99
99 130
99 131
35 99
38 99
41 99
99 140
99 197
43 99
46 99
99 148
99 149
99 200
99 152
99 154
99 155
49 99
50 99
52 99
99 162
99 166
99 168
59 99
62 99
99 171
67 99
68 99
99 176
99 177
99 181
74 99
76 99
99 205
80 99
103 222
93 103
102 103
103 106
14 103
103 191
103 109
103 111
103 112
15 103
17 103
21 103
103 224
24 103
25 103
26 103
28 103
29 103
30 103
32 103
103 130
35 103
39 103
103 134
42 103
103 139
43 103
103 142
103 143
103 144
45 103
103 147
103 149
103 152
103 155
50 103
103 158
103 160
103 161
52 103
53 103
103 229
54 103
55 103
103 202
56 103
58 103
60 103
61 103
103 171
63 103
65 103
66 103
103 175
103 177
103 178
70 103
72 103
73 103
76 103
77 103
80 103
86 101
6 101
97 101
10 101
100 101
101 189
101 112
101 113
101 116
19 101
20 101
22 101
101 122
24 101
101 126
101 127
101 207
101 129
26 101
29 101
30 101
32 101
40 101
101 134
41 101
101 135
42 101
101 139
101 197
101 142
101 144
101 149
101 150
47 101
101 153
101 154
101 155
101 156
101 157
101 158
101 159
101 160
101 161
52 101
101 229
54 101
55 101
101 168
101 169
60 101
61 101
62 101
63 101
64 101
101 173
65 101
66 101
101 175
69 101
101 179
101 182
75 101
76 101
77 101
101 184
101 205
83 102
102 187
86 102
102 188
95 102
102 104
102 189
12 102
102 106
102 107
102 109
102 110
102 112
15 102
16 102
102 115
17 102
102 116
19 102
20 102
102 224
102 238
102 120
102 121
102 193
24 102
102 124
102 125
102 126
25 102
102 207
26 102
28 102
30 102
31 102
33 102
34 102
102 130
102 131
38 102
102 196
102 136
102 137
42 102
102 140
102 144
45 102
46 102
102 145
102 148
102 212
102 150
47 102
102 200
102 153
102 220
49 102
102 156
51 102
102 228
102 229
55 102
102 221
102 163
102 230
56 102
102 203
59 102
61 102
102 170
102 171
65 102
66 102
102 174
68 102
69 102
102 178
102 182
74 102
102 184
79 102
80 102
11 83
11 86
6 11
11 188
11 94
11 211
11 97
11 104
11 189
11 12
11 105
11 13
11 223
11 190
11 191
11 110
11 112
11 17
11 116
11 117
11 192
11 219
11 118
11 119
11 224
11 238
11 121
11 23
11 123
11 125
11 25
11 195
11 26
11 27
11 28
11 31
11 32
11 35
11 38
11 132
11 39
11 133
11 134
11 136
11 137
11 42
11 139
11 44
11 141
11 142
11 45
11 198
11 145
11 208
11 147
11 199
11 148
11 149
11 212
11 47
11 200
11 152
11 48
11 153
11 154
11 156
11 158
11 160
11 161
11 51
11 227
11 52
11 53
11 228
11 229
11 54
11 55
11 216
11 163
11 164
11 230
11 56
11 168
11 203
11 59
11 61
11 217
11 62
11 171
11 231
11 67
11 175
11 232
11 69
11 178
11 70
11 179
11 182
11 73
11 74
11 75
11 76
11 184
11 185
11 186
11 205
1 189
84 189
187 189
6 189
97 189
106 189
107 189
15 189
16 189
21 189
23 189
122 189
24 189
125 189
26 189
27 189
28 189
29 189
34 189
38 189
132 189
39 189
41 189
140 189
141 189
143 189
144 189
45 189
47 189
48 189
154 189
50 189
52 189
56 189
168 189
61 189
62 189
63 189
172 189
66 189
68 189
69 189
178 189
181 189
72 189
189 205
1 106
97 106
99 106
104 106
13 106
14 106
106 190
15 106
16 106
106 114
106 117
19 106
106 119
106 121
23 106
106 122
106 123
106 125
25 106
106 127
106 129
30 106
31 106
32 106
34 106
36 106
106 133
106 134
41 106
106 137
106 138
106 140
106 197
44 106
106 142
106 144
45 106
106 145
106 199
106 148
106 212
106 151
48 106
106 154
106 236
49 106
106 214
106 201
50 106
106 159
106 160
106 161
106 162
106 166
106 168
57 106
106 169
59 106
60 106
106 170
106 217
62 106
63 106
106 172
65 106
106 175
106 232
106 177
69 106
106 178
70 106
71 106
106 179
106 181
106 182
75 106
76 106
77 106
78 106
79 106
80 106
13 84
13 187
6 13
13 97
10 13
12 13
13 14
13 190
13 107
13 191
13 108
13 110
13 112
13 15
13 16
13 114
13 17
13 116
13 18
13 192
13 19
13 219
13 119
13 21
13 120
13 22
13 194
13 23
13 122
13 225
13 25
13 128
13 195
13 207
13 26
13 27
13 28
13 29
13 30
13 31
13 32
13 33
13 34
13 130
13 35
13 36
13 37
13 38
13 132
13 39
13 135
13 136
13 137
13 138
13 139
13 140
13 43
13 242
13 143
13 144
13 45
13 46
13 145
13 147
13 148
13 212
13 47
13 152
13 213
13 48
13 153
13 154
13 155
13 236
13 49
13 157
13 215
13 50
13 159
13 161
13 51
13 52
13 53
13 55
13 216
13 166
13 167
13 202
13 56
13 203
13 58
13 59
13 61
13 170
13 62
13 171
13 63
13 204
13 231
13 172
13 173
13 65
13 66
13 174
13 67
13 68
13 232
13 69
13 178
13 70
13 181
13 72
13 73
13 74
13 76
13 77
13 78
13 184
13 79
13 186
13 80
26 187
26 211
10 26
12 26
26 105
14 26
26 190
26 109
26 110
26 112
15 26
17 26
26 116
26 117
21 26
26 121
22 26
26 193
23 26
26 123
24 26
26 124
26 125
26 126
26 128
26 27
26 30
26 33
26 34
26 130
26 131
26 35
26 36
26 132
26 39
26 40
26 134
26 41
26 42
26 138
26 197
26 43
26 242
26 144
26 45
26 46
26 198
26 146
26 149
26 212
26 241
26 47
26 213
26 48
26 155
26 240
26 236
26 214
26 201
26 50
26 158
26 160
26 161
26 51
26 227
26 162
26 243
26 54
26 55
26 216
26 167
26 202
26 57
26 58
26 59
26 61
26 170
26 62
26 204
26 172
26 66
26 68
26 175
26 69
26 178
26 71
26 72
26 182
26 73
26 74
26 75
26 76
86 139
6 139
139 211
97 139
10 139
100 139
139 190
109 139
111 139
17 139
116 139
18 139
19 139
119 139
21 139
22 139
139 194
124 139
27 139
29 139
33 139
34 139
37 139
38 139
134 139
41 139
135 139
42 139
138 139
139 140
139 197
44 139
139 143
45 139
46 139
139 145
139 147
139 148
139 152
139 155
139 158
139 161
139 162
139 167
56 139
57 139
60 139
139 171
63 139
68 139
139 177
69 139
139 178
139 182
76 139
80 139
14 83
14 86
14 211
10 14
14 100
14 104
14 189
14 190
14 108
14 109
14 111
14 112
14 15
14 114
14 18
14 19
14 119
14 21
14 224
14 120
14 22
14 194
14 23
14 122
14 24
14 124
14 127
14 195
14 31
14 35
14 37
14 38
14 39
14 196
14 137
14 42
14 140
14 197
14 43
14 141
14 142
14 144
14 46
14 198
14 145
14 208
14 199
14 149
14 150
14 47
14 200
14 213
14 155
14 220
14 226
14 49
14 201
14 215
14 50
14 159
14 51
14 52
14 54
14 55
14 216
14 165
14 209
14 202
14 168
14 57
14 169
14 58
14 59
14 171
14 63
14 174
14 68
14 176
14 69
14 178
14 73
14 218
14 76
14 77
14 78
14 185
14 186
14 80
109 222
83 109
109 187
94 109
105 109
109 190
107 109
109 191
109 110
15 109
16 109
109 115
17 109
109 116
18 109
20 109
109 224
109 238
109 122
109 123
109 225
24 109
109 126
25 109
109 127
109 207
30 109
32 109
109 130
109 131
36 109
38 109
109 132
109 133
40 109
109 134
41 109
109 196
109 136
109 137
109 138
109 144
45 109
109 145
109 147
109 148
109 149
109 150
109 200
109 151
109 234
109 153
109 154
49 109
109 214
109 156
109 160
51 109
109 227
53 109
54 109
109 163
109 165
109 166
56 109
57 109
58 109
60 109
109 170
109 217
63 109
65 109
109 174
67 109
69 109
109 178
70 109
72 109
109 182
74 109
75 109
76 109
77 109
109 184
109 205
1 110
110 187
6 110
94 110
96 110
104 110
105 110
110 223
110 190
107 110
16 110
110 114
110 115
17 110
18 110
110 192
110 118
21 110
110 224
110 120
110 121
110 122
110 123
110 125
110 126
110 127
110 128
29 110
30 110
31 110
110 130
110 131
36 110
37 110
38 110
39 110
110 133
110 134
110 135
110 137
42 110
110 140
43 110
110 141
110 143
110 144
110 146
110 147
110 150
47 110
48 110
110 240
49 110
110 157
50 110
110 159
110 160
110 162
110 164
110 209
110 166
110 203
110 169
58 110
59 110
110 217
64 110
110 172
68 110
110 175
110 176
110 232
110 177
69 110
110 178
70 110
110 182
73 110
110 233
110 210
76 110
110 184
110 186
110 205
80 110
1 112
112 187
86 112
6 112
95 112
112 211
97 112
100 112
104 112
12 112
112 223
16 112
112 115
112 116
112 119
21 112
112 238
112 121
112 194
23 112
112 122
112 123
112 125
112 126
25 112
112 195
27 112
31 112
34 112
112 130
112 131
36 112
38 112
39 112
112 134
112 135
112 137
112 138
112 197
45 112
112 198
112 149
112 200
112 151
112 153
112 154
112 240
49 112
112 157
112 160
112 227
55 112
112 163
112 164
112 166
112 168
57 112
58 112
60 112
112 170
112 217
62 112
112 173
112 175
112 176
72 112
74 112
75 112
112 186
15 222
15 83
15 86
15 99
15 100
12 15
15 206
15 223
15 107
15 108
15 114
15 115
15 117
15 18
15 192
15 118
15 20
15 21
15 120
15 121
15 194
15 23
15 123
15 25
15 195
15 207
15 27
15 29
15 30
15 31
15 32
15 34
15 130
15 131
15 36
15 38
15 39
15 40
15 134
15 196
15 137
15 138
15 140
15 197
15 141
15 198
15 146
15 147
15 148
15 212
15 47
15 151
15 235
15 213
15 48
15 153
15 154
15 155
15 240
15 220
15 49
15 214
15 156
15 201
15 50
15 158
15 159
15 161
15 51
15 52
15 53
15 165
15 230
15 167
15 168
15 57
15 203
15 59
15 60
15 170
15 171
15 63
15 172
15 173
15 65
15 66
15 174
15 67
15 68
15 175
15 232
15 178
15 70
15 179
15 180
15 181
15 72
15 182
15 74
15 233
15 76
15 77
15 78
15 79
15 186
15 205
16 84
6 16
16 188
16 211
16 97
10 16
16 104
12 16
16 105
16 206
16 190
16 107
16 191
16 108
16 111
16 114
16 115
16 116
16 117
16 18
16 192
16 19
16 219
16 119
16 21
16 238
16 120
16 121
16 23
16 123
16 225
16 126
16 128
16 129
16 27
16 28
16 29
16 31
16 32
16 33
16 131
16 35
16 132
16 39
16 40
16 134
16 135
16 136
16 137
16 42
16 138
16 197
16 44
16 141
16 142
16 144
16 46
16 198
16 145
16 199
16 148
16 150
16 47
16 151
16 234
16 213
16 48
16 155
16 240
16 236
16 49
16 214
16 215
16 50
16 159
16 229
16 162
16 164
16 165
16 209
16 166
16 167
16 202
16 56
16 57
16 203
16 59
16 61
16 62
16 171
16 173
16 65
16 67
16 176
16 232
16 69
16 178
16 70
16 71
16 181
16 73
16 74
16 210
16 76
16 184
16 185
16 186
16 205
115 187
86 115
6 115
94 115
115 211
97 115
99 115
103 115
12 115
108 115
111 115
17 115
18 115
19 115
115 118
21 115
115 224
22 115
115 193
115 194
115 122
115 123
24 115
115 124
115 125
115 126
115 127
115 195
30 115
32 115
33 115
115 130
35 115
115 196
42 115
115 138
43 115
115 143
115 145
115 146
115 199
115 148
115 200
115 151
115 213
115 153
115 154
115 226
49 115
115 214
115 157
115 215
50 115
115 158
115 161
51 115
53 115
115 228
115 229
54 115
115 230
115 202
56 115
57 115
58 115
61 115
62 115
64 115
115 231
115 172
115 173
66 115
115 174
68 115
115 177
71 115
115 179
72 115
115 182
73 115
76 115
77 115
17 84
6 17
17 96
17 211
17 100
17 104
17 206
17 108
17 111
17 116
17 19
17 20
17 21
17 224
17 120
17 121
17 194
17 122
17 24
17 125
17 25
17 129
17 27
17 29
17 30
17 32
17 34
17 130
17 36
17 37
17 133
17 134
17 196
17 137
17 138
17 197
17 43
17 44
17 141
17 142
17 143
17 45
17 46
17 146
17 148
17 150
17 200
17 234
17 152
17 153
17 154
17 159
17 51
17 52
17 54
17 164
17 166
17 167
17 169
17 59
17 60
17 217
17 62
17 63
17 64
17 172
17 173
17 66
17 176
17 178
17 73
17 75
17 76
17 77
17 79
73 84
73 105
73 190
73 107
73 111
21 73
73 120
73 121
22 73
24 73
25 73
27 73
31 73
73 131
37 73
38 73
73 132
73 133
73 196
73 135
73 137
73 138
44 73
73 142
73 143
73 144
45 73
46 73
73 198
73 146
73 208
73 147
73 149
73 150
73 241
48 73
73 157
50 73
73 161
52 73
53 73
73 216
73 163
73 168
73 169
58 73
61 73
73 171
64 73
73 173
65 73
66 73
73 174
73 177
73 178
71 73
73 76
73 77
73 186
73 205
73 80
116 187
2 116
97 116
98 116
10 116
104 116
116 189
12 116
116 223
111 116
114 116
19 116
20 116
116 224
116 121
116 122
24 116
116 125
116 126
25 116
116 129
27 116
28 116
32 116
33 116
34 116
116 131
36 116
37 116
116 132
116 133
40 116
116 134
41 116
116 196
116 136
116 138
116 197
44 116
116 141
116 142
116 143
45 116
46 116
116 198
116 208
116 148
116 150
116 154
116 155
49 116
116 157
116 215
116 158
116 227
116 228
116 229
54 116
116 216
116 163
116 202
116 168
60 116
116 217
63 116
66 116
67 116
116 177
70 116
71 116
116 181
75 116
77 116
78 116
116 184
116 205
19 84
19 187
6 19
19 188
19 96
19 97
19 100
19 105
19 190
19 107
19 191
18 19
19 192
19 119
19 21
19 224
19 238
19 121
19 194
19 23
19 122
19 24
19 125
19 126
19 25
19 127
19 128
19 195
19 27
19 28
19 29
19 32
19 33
19 131
19 36
19 37
19 38
19 132
19 133
19 40
19 134
19 137
19 42
19 140
19 197
19 141
19 143
19 144
19 46
19 198
19 146
19 147
19 148
19 150
19 47
19 200
19 151
19 152
19 153
19 155
19 240
19 226
19 236
19 49
19 215
19 158
19 51
19 52
19 162
19 216
19 164
19 165
19 57
19 203
19 169
19 59
19 170
19 171
19 63
19 64
19 172
19 66
19 174
19 67
19 175
19 176
19 69
19 178
19 179
19 180
19 181
19 72
19 233
19 77
19 184
19 186
19 205
19 80
18 84
18 187
18 86
18 95
18 103
18 107
18 191
18 117
18 20
18 21
18 120
18 121
18 22
18 122
18 24
18 25
18 27
18 28
18 29
18 131
18 38
18 132
18 39
18 134
18 136
18 137
18 42
18 138
18 140
18 43
18 141
18 45
18 46
18 199
18 148
18 149
18 150
18 47
18 155
18 49
18 158
18 51
18 52
18 53
18 229
18 162
18 54
18 55
18 216
18 60
18 61
18 170
18 217
18 62
18 63
18 173
18 65
18 66
18 174
18 67
18 175
18 178
18 71
18 72
18 182
18 77
18 184
18 205
18 80
81 244
222 244
82 244
84 244
187 244
85 244
3 244
4 244
86 244
6 244
188 244
91 244
92 244
93 244
94 244
8 244
96 244
99 244
100 244
101 244
11 244
104 244
189 244
12 244
106 244
13 244
14 244
190 244
191 244
113 244
114 244
115 244
117 244
219 244
237 244
224 244
120 244
121 244
22 244
193 244
123 244
125 244
126 244
239 244
26 244
29 244
30 244
31 244
33 244
130 244
131 244
35 244
36 244
37 244
39 244
133 244
41 244
139 244
140 244
197 244
43 244
141 244
143 244
45 244
46 244
145 244
146 244
208 244
147 244
212 244
200 244
235 244
213 244
48 244
153 244
155 244
240 244
49 244
156 244
215 244
159 244
51 244
229 244
162 244
55 244
216 244
221 244
163 244
164 244
165 244
167 244
56 244
168 244
57 244
169 244
58 244
59 244
61 244
62 244
64 244
172 244
66 244
174 244
67 244
68 244
69 244
178 244
70 244
179 244
180 244
181 244
72 244
182 244
73 244
75 244
233 244
210 244
76 244
183 244
78 244
184 244
79 244
205 244
80 244
1 119
119 222
83 119
86 119
6 119
95 119
10 119
104 119
119 223
108 119
119 224
119 121
119 193
24 119
25 119
119 127
119 128
119 129
28 119
30 119
119 131
38 119
119 132
39 119
119 134
119 136
44 119
119 141
119 142
119 144
46 119
119 199
47 119
119 200
119 152
119 155
119 220
49 119
50 119
119 162
119 163
119 165
119 166
119 169
61 119
119 170
62 119
63 119
68 119
119 175
119 176
119 178
70 119
73 119
74 119
77 119
79 119
80 119
20 222
20 187
6 20
20 188
20 94
20 97
20 100
12 20
20 206
20 223
20 190
20 191
20 108
20 111
20 117
20 192
20 118
20 21
20 224
20 238
20 120
20 22
20 193
20 23
20 225
20 24
20 124
20 25
20 195
20 129
20 27
20 30
20 32
20 33
20 36
20 38
20 132
20 39
20 40
20 134
20 196
20 136
20 137
20 43
20 44
20 142
20 143
20 45
20 145
20 146
20 147
20 199
20 150
20 47
20 151
20 152
20 213
20 153
20 154
20 236
20 159
20 161
20 52
20 53
20 228
20 229
20 162
20 55
20 166
20 202
20 56
20 57
20 203
20 169
20 58
20 60
20 217
20 204
20 173
20 65
20 174
20 67
20 176
20 232
20 179
20 180
20 181
20 72
20 75
20 233
20 76
20 77
20 78
20 186
20 80
21 83
21 86
21 188
21 94
21 96
21 211
10 21
21 104
21 206
21 190
21 107
21 219
21 118
21 237
21 238
21 194
21 23
21 122
21 225
21 24
21 124
21 125
21 127
21 128
21 207
21 27
21 28
21 32
21 33
21 34
21 130
21 131
21 35
21 36
21 37
21 38
21 39
21 133
21 40
21 134
21 41
21 196
21 135
21 136
21 140
21 141
21 142
21 143
21 145
21 147
21 199
21 150
21 47
21 200
21 151
21 213
21 153
21 154
21 226
21 49
21 157
21 215
21 50
21 159
21 51
21 227
21 52
21 53
21 228
21 54
21 55
21 163
21 230
21 166
21 202
21 56
21 168
21 58
21 59
21 61
21 170
21 62
21 63
21 172
21 65
21 66
21 67
21 68
21 175
21 176
21 178
21 70
21 71
21 181
21 182
21 74
21 76
21 78
21 185
21 80
84 193
12 193
107 193
120 193
121 193
122 193
123 193
193 195
30 193
33 193
37 193
132 193
39 193
136 193
138 193
43 193
142 193
144 193
45 193
193 199
148 193
193 212
47 193
193 200
158 193
193 228
162 193
55 193
169 193
61 193
62 193
63 193
173 193
66 193
69 193
178 193
75 193
77 193
184 193
22 187
6 22
22 97
22 107
22 111
22 23
22 25
22 29
22 30
22 31
22 32
22 34
22 130
22 131
22 35
22 38
22 39
22 133
22 40
22 41
22 137
22 140
22 197
22 43
22 142
22 144
22 45
22 46
22 198
22 147
22 148
22 49
22 50
22 158
22 160
22 161
22 52
22 53
22 162
22 54
22 55
22 167
22 203
22 169
22 58
22 60
22 61
22 170
22 62
22 172
22 66
22 174
22 67
22 68
22 69
22 70
22 71
22 74
22 77
22 78
22 80
23 83
23 187
6 23
23 188
23 94
23 100
12 23
23 105
23 206
23 223
23 190
23 191
23 114
23 192
23 118
23 224
23 238
23 24
23 124
23 25
23 128
23 195
23 207
23 27
23 29
23 32
23 34
23 130
23 35
23 36
23 38
23 132
23 39
23 133
23 40
23 41
23 196
23 135
23 137
23 42
23 138
23 43
23 142
23 144
23 45
23 46
23 198
23 147
23 148
23 212
23 150
23 47
23 151
23 235
23 154
23 220
23 236
23 49
23 214
23 156
23 157
23 159
23 160
23 161
23 227
23 52
23 53
23 229
23 162
23 54
23 55
23 163
23 164
23 230
23 166
23 167
23 56
23 168
23 203
23 58
23 59
23 60
23 61
23 170
23 62
23 171
23 63
23 172
23 65
23 66
23 174
23 68
23 175
23 176
23 177
23 69
23 178
23 70
23 179
23 180
23 181
23 182
23 74
23 75
23 233
23 76
23 77
23 78
23 205
23 80
1 122
84 122
6 122
96 122
97 122
10 122
105 122
114 122
117 122
122 237
121 122
122 123
25 122
122 127
122 195
122 129
27 122
28 122
30 122
31 122
32 122
122 131
38 122
122 132
39 122
122 133
40 122
122 134
41 122
122 136
122 138
122 140
122 142
122 143
122 144
45 122
46 122
122 145
122 149
47 122
122 154
122 226
49 122
122 157
50 122
122 158
122 160
122 161
122 228
122 162
55 122
122 167
122 202
59 122
60 122
122 170
62 122
64 122
122 174
68 122
122 176
122 177
122 178
70 122
71 122
74 122
75 122
76 122
77 122
78 122
122 184
122 186
24 222
24 187
24 96
24 211
10 24
24 190
24 107
24 114
24 238
24 120
24 123
24 124
24 129
24 27
24 29
24 30
24 31
24 34
24 131
24 38
24 132
24 133
24 136
24 137
24 42
24 140
24 197
24 43
24 142
24 45
24 145
24 199
24 149
24 47
24 200
24 234
24 152
24 48
24 153
24 220
24 50
24 158
24 159
24 227
24 52
24 53
24 54
24 55
24 216
24 164
24 167
24 56
24 168
24 203
24 169
24 58
24 60
24 61
24 170
24 171
24 63
24 204
24 173
24 65
24 66
24 67
24 68
24 232
24 179
24 72
24 182
24 233
24 210
24 76
24 77
24 78
24 205
1 124
82 124
2 124
4 124
90 124
92 124
10 124
12 124
106 124
124 191
110 124
124 219
119 124
22 124
124 225
124 125
124 126
124 129
28 124
30 124
34 124
124 131
35 124
37 124
39 124
124 140
124 197
43 124
124 144
124 145
124 149
124 150
47 124
48 124
124 153
124 240
124 157
124 158
124 160
124 161
51 124
53 124
55 124
124 202
57 124
124 169
58 124
59 124
60 124
124 170
124 171
63 124
66 124
124 232
124 178
71 124
124 180
124 182
74 124
75 124
124 233
77 124
124 184
124 205
25 83
25 84
25 86
6 25
10 25
25 104
12 25
25 111
25 114
25 118
25 238
25 120
25 123
25 225
25 125
25 129
25 29
25 130
25 131
25 36
25 196
25 135
25 42
25 138
25 43
25 141
25 142
25 144
25 45
25 147
25 199
25 148
25 149
25 47
25 200
25 151
25 152
25 213
25 153
25 158
25 160
25 51
25 227
25 53
25 165
25 202
25 56
25 57
25 58
25 59
25 60
25 61
25 170
25 64
25 173
25 174
25 68
25 69
25 76
25 77
25 205
84 128
86 128
94 128
101 128
103 128
104 128
12 128
108 128
111 128
114 128
18 128
128 224
128 238
22 128
125 128
126 128
128 195
128 129
27 128
29 128
31 128
33 128
34 128
128 131
128 132
128 133
128 134
128 135
43 128
128 142
128 144
45 128
46 128
128 208
128 147
128 148
128 149
128 150
48 128
128 153
128 154
128 156
128 160
128 161
51 128
54 128
55 128
128 164
128 166
56 128
58 128
60 128
61 128
128 170
62 128
63 128
128 172
128 173
68 128
128 179
74 128
76 128
77 128
79 128
128 186
1 129
129 187
86 129
111 129
27 129
30 129
32 129
34 129
35 129
38 129
39 129
129 133
41 129
129 140
129 141
129 143
129 144
45 129
129 147
129 150
129 200
48 129
129 153
129 155
49 129
50 129
129 158
129 160
51 129
52 129
129 229
55 129
129 209
129 166
129 167
57 129
59 129
60 129
61 129
129 171
63 129
129 172
65 129
66 129
129 174
68 129
71 129
129 181
76 129
77 129
129 184
129 186
129 205
80 129
27 187
27 100
27 104
27 105
27 206
27 107
27 191
27 117
27 219
27 118
27 238
27 125
27 30
27 34
27 35
27 40
27 134
27 135
27 42
27 138
27 141
27 142
27 146
27 208
27 147
27 149
27 150
27 47
27 152
27 153
27 155
27 236
27 156
27 157
27 158
27 51
27 52
27 53
27 228
27 162
27 54
27 216
27 163
27 166
27 56
27 169
27 59
27 60
27 61
27 170
27 64
27 173
27 65
27 66
27 67
27 68
27 175
27 70
27 71
27 179
27 181
27 74
27 75
27 210
27 77
27 78
27 184
28 83
28 84
28 97
28 104
28 107
28 191
28 118
28 237
28 225
28 125
28 127
28 30
28 34
28 38
28 39
28 41
28 42
28 43
28 44
28 141
28 143
28 45
28 46
28 198
28 146
28 208
28 147
28 199
28 148
28 149
28 150
28 47
28 200
28 152
28 48
28 153
28 201
28 50
28 51
28 53
28 162
28 54
28 216
28 166
28 167
28 56
28 168
28 57
28 203
28 58
28 59
28 60
28 61
28 170
28 63
28 65
28 174
28 68
28 177
28 178
28 70
28 71
28 179
28 181
28 74
28 75
28 79
28 205
28 80
58 222
58 83
6 58
58 211
58 97
58 100
58 104
58 223
58 107
58 114
58 117
58 192
58 224
58 123
58 126
58 239
29 58
30 58
31 58
34 58
58 130
58 131
35 58
37 58
39 58
58 133
58 196
58 135
58 136
58 137
58 138
43 58
44 58
58 144
46 58
58 145
58 208
58 147
58 148
58 149
58 200
58 151
58 213
48 58
58 154
58 155
58 226
58 214
58 156
58 157
50 58
58 159
58 161
58 227
52 58
58 228
58 162
54 58
58 163
58 165
58 166
56 58
58 59
58 61
58 170
58 62
58 63
58 204
58 172
58 173
58 66
58 174
58 68
58 175
58 232
58 69
58 178
58 70
58 181
58 72
58 74
58 76
58 78
58 184
58 185
58 79
29 83
29 84
29 187
29 86
10 29
29 100
12 29
29 105
29 107
29 191
29 111
29 117
29 219
29 224
29 120
29 121
29 194
29 195
29 207
29 30
29 31
29 32
29 33
29 35
29 37
29 132
29 39
29 133
29 40
29 196
29 136
29 137
29 42
29 138
29 140
29 43
29 142
29 144
29 45
29 145
29 146
29 208
29 147
29 148
29 149
29 212
29 150
29 47
29 200
29 151
29 152
29 48
29 153
29 154
29 220
29 226
29 214
29 201
29 157
29 50
29 161
29 51
29 229
29 162
29 55
29 216
29 163
29 164
29 209
29 230
29 167
29 203
29 169
29 59
29 61
29 63
29 172
29 173
29 65
29 174
29 68
29 175
29 176
29 232
29 177
29 178
29 179
29 74
29 76
29 186
29 205
29 80
30 31
31 34
31 37
31 55
31 59
31 65
31 80
32 83
32 84
32 187
32 86
6 32
32 96
32 223
32 190
32 117
32 219
32 224
32 120
32 194
32 125
32 126
32 127
32 195
31 32
32 131
32 36
32 38
32 39
32 40
32 137
32 43
32 44
32 141
32 142
32 45
32 146
32 149
32 212
32 150
32 47
32 200
32 151
32 234
32 235
32 213
32 153
32 155
32 240
32 156
32 201
32 157
32 50
32 159
32 160
32 161
32 52
32 162
32 216
32 163
32 165
32 209
32 230
32 166
32 202
32 56
32 168
32 57
32 203
32 169
32 59
32 170
32 171
32 64
32 172
32 173
32 66
32 174
32 175
32 176
32 69
32 178
32 70
32 179
32 181
32 72
32 182
32 74
32 75
32 233
32 76
32 77
32 205
33 222
33 84
33 86
33 211
33 97
33 100
33 104
33 111
33 117
33 192
33 224
33 123
33 225
33 125
33 126
33 127
33 195
33 239
33 34
33 130
33 35
33 36
33 37
33 196
33 135
33 138
33 140
33 43
33 141
33 242
33 143
33 144
33 45
33 46
33 145
33 199
33 149
33 212
33 150
33 47
33 200
33 151
33 213
33 153
33 154
33 240
33 220
33 158
33 159
33 160
33 161
33 227
33 52
33 53
33 228
33 165
33 168
33 57
33 169
33 60
33 170
33 217
33 62
33 171
33 172
33 173
33 66
33 68
33 175
33 232
33 177
33 178
33 70
33 71
33 179
33 181
33 72
33 76
33 184
33 79
33 205
33 80
34 84
34 187
6 34
34 188
34 96
34 97
34 100
34 104
12 34
34 105
34 223
34 191
34 108
34 111
34 114
34 117
34 224
34 238
34 121
34 194
34 123
34 225
34 125
34 126
34 239
34 207
34 130
34 131
34 35
34 37
34 39
34 133
34 134
34 137
34 42
34 138
34 43
34 141
34 142
34 45
34 46
34 198
34 208
34 148
34 149
34 212
34 47
34 234
34 152
34 226
34 236
34 49
34 214
34 156
34 157
34 215
34 159
34 51
34 52
34 53
34 228
34 229
34 162
34 54
34 55
34 209
34 230
34 166
34 167
34 56
34 168
34 57
34 59
34 60
34 61
34 170
34 171
34 63
34 64
34 172
34 65
34 66
34 174
34 67
34 68
34 176
34 232
34 69
34 178
34 70
34 71
34 180
34 74
34 76
34 77
34 78
34 184
34 186
34 80
1 131
6 131
10 131
104 131
111 131
131 193
125 131
126 131
131 195
35 131
38 131
131 135
131 138
131 140
44 131
45 131
46 131
131 208
131 147
131 234
48 131
131 153
131 155
49 131
50 131
131 160
53 131
54 131
55 131
131 165
131 168
131 203
59 131
131 170
63 131
66 131
131 179
74 131
76 131
131 184
79 131
131 205
80 131
35 187
6 35
35 188
35 96
35 97
35 105
35 190
35 191
35 111
35 192
35 194
35 123
35 126
35 127
30 35
35 39
35 133
35 134
35 41
35 135
35 137
35 42
35 138
35 140
35 43
35 44
35 141
35 45
35 46
35 145
35 146
35 208
35 148
35 47
35 200
35 213
35 154
35 236
35 49
35 214
35 201
35 157
35 159
35 160
35 51
35 53
35 162
35 243
35 54
35 55
35 163
35 165
35 166
35 202
35 56
35 168
35 169
35 59
35 60
35 61
35 217
35 62
35 204
35 231
35 172
35 65
35 66
35 174
35 68
35 175
35 176
35 232
35 177
35 69
35 178
35 70
35 71
35 179
35 180
35 72
35 74
35 76
35 77
35 78
6 37
37 100
12 37
37 111
37 192
37 120
37 127
37 131
37 38
37 39
37 40
37 134
37 41
37 135
37 136
37 42
37 43
37 44
37 141
37 142
37 143
37 144
37 45
37 46
37 198
37 199
37 148
37 150
37 47
37 151
37 48
37 153
37 154
37 155
37 158
37 159
37 51
37 52
37 53
37 228
37 162
37 166
37 168
37 169
37 59
37 60
37 170
37 63
37 64
37 65
37 66
37 174
37 67
37 175
37 69
37 71
37 182
37 74
37 78
36 83
36 84
36 187
6 36
36 90
36 95
36 97
10 36
36 99
36 101
36 102
36 190
36 107
36 111
36 113
36 121
36 123
36 127
36 128
36 195
36 129
31 36
36 130
36 39
36 133
36 40
36 134
36 135
36 137
36 42
36 140
36 197
36 43
36 144
36 46
36 198
36 145
36 146
36 147
36 199
36 148
36 149
36 150
36 48
36 153
36 220
36 157
36 159
36 160
36 53
36 162
36 54
36 55
36 216
36 163
36 167
36 168
36 169
36 217
36 63
36 65
36 174
36 69
36 71
36 181
36 182
36 74
36 75
36 186
36 205
36 80
211 225
43 225
47 225
213 225
48 225
52 225
61 225
66 225
68 225
70 225
76 225
84 133
133 187
85 133
6 133
133 188
10 133
100 133
104 133
12 133
105 133
133 191
111 133
133 192
120 133
121 133
133 193
133 194
123 133
133 195
133 207
30 133
31 133
131 133
38 133
40 133
133 134
41 133
133 135
42 133
133 138
133 197
133 141
45 133
133 198
133 199
133 149
47 133
133 213
48 133
133 153
133 226
50 133
133 159
133 161
52 133
53 133
133 228
133 243
54 133
133 216
133 163
133 165
133 202
133 203
133 169
133 171
63 133
133 173
67 133
68 133
133 232
133 177
69 133
71 133
133 179
133 181
72 133
74 133
75 133
76 133
77 133
133 184
79 133
133 186
80 133
6 40
40 89
40 105
40 107
40 111
40 120
40 128
40 131
40 42
40 142
40 198
40 145
40 146
40 199
40 47
40 48
40 153
40 49
40 158
40 51
40 52
40 53
40 54
40 55
40 216
40 167
40 56
40 60
40 62
40 171
40 63
40 65
40 66
40 67
40 177
40 71
40 182
40 75
40 76
40 77
40 205
40 80
6 134
100 134
12 134
125 134
127 134
134 195
134 207
134 135
134 138
43 134
45 134
46 134
134 199
134 148
134 149
134 200
50 134
134 161
51 134
52 134
53 134
134 162
134 216
57 134
60 134
134 170
134 171
63 134
68 134
69 134
134 178
72 134
73 134
74 134
75 134
1 135
83 135
135 187
85 135
6 135
135 188
97 135
10 135
100 135
104 135
135 189
135 191
111 135
120 135
126 135
127 135
129 135
31 135
130 135
38 135
41 135
42 135
135 197
43 135
135 141
135 144
135 198
135 145
135 146
135 147
135 199
135 148
135 149
135 150
47 135
135 234
135 152
135 213
48 135
135 153
135 154
135 155
49 135
50 135
135 158
135 161
52 135
135 228
54 135
55 135
135 216
135 163
135 164
56 135
57 135
135 169
59 135
60 135
135 217
135 171
135 172
135 173
135 174
67 135
68 135
135 175
135 177
69 135
135 178
70 135
71 135
72 135
135 182
74 135
76 135
77 135
135 184
135 186
41 83
41 187
6 41
41 188
41 211
41 97
41 100
41 206
41 190
41 107
41 192
41 219
41 238
41 120
41 121
41 123
41 195
41 207
30 41
41 130
41 132
41 134
41 196
41 137
41 42
41 140
41 43
41 142
41 45
41 198
41 145
41 146
41 208
41 147
41 148
41 149
41 151
41 155
41 158
41 160
41 228
41 216
41 164
41 165
41 209
41 166
41 167
41 202
41 57
41 203
41 169
41 59
41 61
41 170
41 62
41 171
41 63
41 65
41 174
41 67
41 232
41 177
41 70
41 72
41 182
41 74
41 75
41 218
41 76
41 77
41 184
42 86
6 42
42 98
42 104
12 42
42 108
42 111
42 192
42 219
42 224
42 238
42 120
42 121
42 127
30 42
39 42
42 134
42 137
42 138
42 140
42 197
42 43
42 44
42 144
42 45
42 198
42 147
42 149
42 150
42 47
42 235
42 152
42 213
42 48
42 153
42 154
42 155
42 220
42 236
42 157
42 159
42 160
42 161
42 51
42 52
42 229
42 54
42 166
42 167
42 168
42 203
42 169
42 59
42 61
42 170
42 217
42 62
42 63
42 64
42 66
42 174
42 175
42 177
42 69
42 70
42 71
42 181
42 74
42 75
42 233
42 210
42 78
1 138
138 222
86 138
6 138
138 188
94 138
96 138
97 138
10 138
104 138
12 138
138 190
138 191
111 138
117 138
138 219
138 224
138 238
123 138
127 138
138 207
30 138
130 138
38 138
39 138
136 138
137 138
138 197
43 138
44 138
138 142
138 143
45 138
138 145
138 147
138 212
47 138
138 151
138 213
48 138
138 220
138 236
50 138
138 158
138 227
53 138
138 228
138 229
138 162
138 216
138 230
138 166
56 138
138 168
57 138
138 203
59 138
60 138
61 138
138 217
138 171
63 138
138 204
64 138
65 138
138 175
138 177
138 180
138 181
72 138
74 138
75 138
138 233
138 210
138 183
78 138
80 138
6 140
95 140
140 223
140 191
140 192
120 140
127 140
140 195
30 140
31 140
130 140
38 140
39 140
134 140
140 196
137 140
140 141
140 143
140 144
46 140
140 212
140 150
140 152
140 153
140 220
49 140
140 159
140 160
51 140
52 140
53 140
140 167
59 140
60 140
140 171
64 140
140 173
140 174
68 140
140 175
140 176
140 177
69 140
70 140
71 140
140 181
73 140
75 140
77 140
140 184
140 186
140 205
43 222
43 84
43 187
43 86
6 43
43 188
43 96
43 211
43 100
43 104
43 105
43 206
43 107
43 191
43 219
43 118
43 238
43 120
43 125
43 126
43 207
31 43
43 132
39 43
43 136
43 197
43 142
43 144
43 45
43 46
43 198
43 145
43 146
43 147
43 199
43 149
43 212
43 47
43 48
43 153
43 226
43 49
43 214
43 156
43 157
43 159
43 161
43 51
43 52
43 228
43 162
43 165
43 167
43 203
43 169
43 59
43 61
43 170
43 63
43 204
43 173
43 174
43 68
43 176
43 232
43 178
43 70
43 180
43 181
43 182
43 76
43 78
43 185
43 79
43 186
44 86
6 44
44 89
44 90
44 211
44 118
44 122
30 44
38 44
44 144
44 46
44 145
44 199
44 148
44 150
44 158
44 160
44 53
44 162
44 54
44 165
44 56
44 57
44 203
44 59
44 60
44 61
44 173
44 178
44 181
44 72
44 76
44 77
44 205
1 141
2 141
86 141
6 141
100 141
105 141
107 141
117 141
118 141
121 141
31 141
38 141
132 141
39 141
141 142
141 148
141 155
141 157
50 141
51 141
53 141
54 141
55 141
141 163
56 141
61 141
141 170
141 171
64 141
66 141
141 176
141 178
70 141
72 141
75 141
80 141
142 187
94 142
10 142
100 142
12 142
107 142
142 191
111 142
142 192
142 224
120 142
142 207
137 142
142 143
142 144
142 145
142 146
142 147
142 199
142 149
142 150
47 142
142 200
142 152
48 142
142 155
49 142
142 157
142 158
142 160
51 142
52 142
142 162
54 142
142 163
56 142
57 142
142 169
60 142
142 217
62 142
142 171
63 142
142 204
142 173
65 142
142 174
68 142
142 176
142 232
142 177
142 178
71 142
142 179
142 180
72 142
142 182
74 142
142 233
76 142
77 142
142 186
142 205
80 142
143 187
98 143
12 143
105 143
143 191
117 143
119 143
22 143
131 143
38 143
132 143
143 196
136 143
137 143
143 144
46 143
143 147
143 199
143 149
143 150
47 143
143 213
143 155
143 215
50 143
143 158
143 161
51 143
52 143
143 228
143 229
143 162
143 221
143 163
143 165
143 169
59 143
143 170
62 143
64 143
143 172
65 143
143 174
68 143
143 175
143 176
69 143
143 178
143 179
74 143
76 143
77 143
143 184
143 205
84 144
144 187
86 144
6 144
105 144
144 223
144 190
144 191
108 144
111 144
144 192
144 224
144 238
120 144
121 144
127 144
144 195
130 144
132 144
39 144
134 144
136 144
137 144
45 144
46 144
144 199
144 148
144 150
144 200
144 152
48 144
144 153
144 154
49 144
144 157
144 159
144 160
144 161
54 144
144 216
144 167
56 144
144 168
57 144
144 203
59 144
144 170
144 217
144 171
65 144
66 144
144 174
68 144
144 176
70 144
71 144
144 180
144 181
72 144
77 144
144 184
79 144
144 205
80 144
45 84
45 211
45 97
12 45
45 223
45 190
45 107
45 191
45 108
45 118
45 224
45 121
45 127
30 45
31 45
38 45
45 132
39 45
45 136
45 197
45 46
45 198
45 208
45 147
45 148
45 150
45 47
45 152
45 48
45 154
45 155
45 220
45 201
45 215
45 159
45 160
45 161
45 227
45 52
45 53
45 162
45 55
45 216
45 165
45 166
45 56
45 168
45 169
45 59
45 217
45 63
45 64
45 231
45 172
45 173
45 174
45 68
45 232
45 177
45 69
45 178
45 181
45 72
45 74
45 75
45 76
45 184
45 79
45 205
45 80
81 198
84 198
187 198
6 198
188 198
93 198
95 198
198 211
97 198
100 198
109 198
114 198
195 198
30 198
131 198
132 198
39 198
46 198
147 198
149 198
150 198
47 198
151 198
48 198
154 198
49 198
50 198
158 198
160 198
52 198
53 198
198 228
162 198
198 221
56 198
198 203
59 198
61 198
170 198
62 198
63 198
64 198
173 198
177 198
69 198
70 198
72 198
77 198
146 222
84 146
6 146
146 211
100 146
103 146
104 146
146 189
12 146
146 223
146 190
111 146
113 146
116 146
146 219
118 146
119 146
146 224
146 193
125 146
25 146
127 146
146 195
146 239
129 146
31 146
131 146
37 146
38 146
132 146
39 146
133 146
134 146
139 146
146 197
144 146
46 146
146 198
145 146
146 208
146 148
47 146
146 151
146 155
146 220
146 156
146 215
50 146
146 160
146 161
52 146
55 146
146 230
146 166
146 168
60 146
62 146
146 171
63 146
64 146
146 172
65 146
66 146
67 146
68 146
146 176
146 177
69 146
146 178
71 146
146 180
72 146
146 182
74 146
75 146
76 146
146 184
1 147
147 187
86 147
6 147
147 188
105 147
147 190
107 147
114 147
147 192
147 219
147 224
120 147
147 194
123 147
127 147
30 147
38 147
132 147
39 147
147 196
136 147
147 148
147 149
147 150
147 151
147 152
48 147
147 154
49 147
147 156
147 201
50 147
147 158
147 161
52 147
53 147
147 228
54 147
55 147
147 216
147 164
147 168
147 169
147 171
63 147
147 173
65 147
66 147
147 174
67 147
147 175
147 176
71 147
147 182
147 184
147 185
147 205
80 147
1 199
81 199
83 199
84 199
85 199
6 199
90 199
100 199
189 199
12 199
105 199
111 199
113 199
114 199
199 219
123 199
199 225
124 199
195 199
129 199
30 199
38 199
132 199
139 199
197 199
150 199
152 199
153 199
154 199
199 240
49 199
157 199
199 215
158 199
159 199
52 199
53 199
54 199
55 199
199 216
163 199
165 199
168 199
57 199
59 199
60 199
61 199
170 199
199 217
171 199
63 199
64 199
199 231
65 199
66 199
175 199
177 199
69 199
71 199
74 199
76 199
77 199
185 199
79 199
186 199
199 205
10 84
10 93
10 99
10 103
10 104
10 189
10 105
10 223
10 114
10 192
10 219
10 224
10 120
10 193
10 123
10 225
10 125
10 126
10 127
10 195
10 30
10 130
10 136
10 46
10 148
10 149
10 150
10 200
10 152
10 213
10 154
10 49
10 157
10 50
10 161
10 53
10 229
10 163
10 202
10 203
10 169
10 60
10 63
10 64
10 172
10 173
10 66
10 67
10 68
10 175
10 176
10 177
10 178
10 70
10 71
10 181
10 72
10 182
10 73
10 74
10 75
10 76
10 183
10 78
10 184
10 186
10 205
149 187
2 149
86 149
149 188
97 149
12 149
105 149
149 190
108 149
114 149
117 149
149 192
149 219
118 149
120 149
121 149
149 225
125 149
31 149
130 149
131 149
38 149
132 149
39 149
136 149
137 149
46 149
149 212
149 200
149 154
149 157
149 158
149 161
51 149
149 229
149 162
55 149
149 216
149 165
149 166
57 149
149 203
149 169
60 149
149 217
149 171
63 149
149 172
149 173
68 149
149 178
71 149
72 149
74 149
75 149
149 184
1 150
82 150
84 150
95 150
103 150
104 150
150 189
12 150
150 206
150 223
114 150
150 192
150 219
120 150
122 150
125 150
126 150
150 195
30 150
130 150
38 150
150 196
136 150
137 150
150 208
148 150
47 150
150 200
150 152
150 155
150 220
49 150
150 158
150 160
150 161
52 150
150 162
150 163
150 166
56 150
150 168
57 150
150 203
150 169
59 150
60 150
61 150
150 170
150 217
62 150
150 171
64 150
150 173
66 150
150 174
67 150
68 150
150 175
69 150
150 178
70 150
72 150
150 182
74 150
75 150
77 150
150 186
80 150
47 222
47 96
47 211
47 100
47 104
47 206
47 223
47 108
47 111
47 219
47 118
47 237
47 120
47 121
47 123
47 125
47 195
31 47
47 130
39 47
47 136
46 47
47 208
47 148
47 153
47 154
47 155
47 240
47 220
47 236
47 49
47 157
47 215
47 52
47 229
47 54
47 55
47 216
47 163
47 164
47 209
47 166
47 167
47 168
47 203
47 169
47 59
47 61
47 63
47 204
47 231
47 173
47 65
47 66
47 68
47 175
47 232
47 178
47 70
47 180
47 181
47 72
47 74
47 210
47 76
47 77
47 184
47 185
47 186
47 80
48 222
48 84
48 187
48 86
6 48
48 188
48 96
48 97
48 105
48 190
48 108
48 111
48 117
48 192
48 118
48 237
48 224
48 123
48 126
48 127
31 48
48 130
39 48
48 196
48 136
48 137
48 197
46 48
48 145
48 208
48 200
48 153
48 155
48 240
48 220
48 49
48 214
48 201
48 158
48 51
48 52
48 53
48 228
48 55
48 216
48 167
48 202
48 168
48 61
48 170
48 217
48 64
48 231
48 172
48 173
48 174
48 67
48 68
48 175
48 176
48 232
48 177
48 69
48 178
48 70
48 179
48 181
48 72
48 75
48 233
48 76
48 78
48 184
48 186
48 205
1 153
2 153
86 153
97 153
100 153
153 189
12 153
153 191
108 153
123 153
153 225
153 195
30 153
38 153
39 153
134 153
46 153
145 153
153 155
153 220
153 156
153 157
153 159
51 153
53 153
153 229
153 164
153 209
153 167
56 153
59 153
60 153
62 153
153 172
153 173
153 175
153 176
153 232
153 178
153 181
72 153
153 182
153 184
153 185
83 154
98 154
104 154
12 154
105 154
111 154
154 192
118 154
120 154
25 154
127 154
154 195
131 154
38 154
132 154
134 154
46 154
154 212
154 155
51 154
154 228
54 154
55 154
154 216
56 154
154 168
57 154
60 154
61 154
62 154
66 154
154 177
69 154
70 154
154 179
76 154
1 155
84 155
155 187
94 155
96 155
104 155
12 155
107 155
117 155
155 192
121 155
123 155
126 155
30 155
31 155
130 155
38 155
132 155
39 155
134 155
136 155
137 155
145 155
152 155
155 156
155 158
51 155
52 155
53 155
155 228
54 155
55 155
155 166
56 155
59 155
60 155
155 217
62 155
155 171
63 155
64 155
155 172
155 173
66 155
155 174
155 175
155 177
69 155
155 178
155 179
72 155
74 155
77 155
155 184
49 84
49 187
6 49
49 188
49 100
12 49
49 105
49 191
49 108
49 111
49 114
49 192
49 219
49 224
49 120
49 121
49 194
49 195
49 207
38 49
49 132
39 49
49 196
49 136
46 49
49 145
49 148
49 212
49 151
49 235
49 152
49 213
49 220
49 156
49 50
49 227
49 52
49 162
49 55
49 164
49 209
49 166
49 167
49 202
49 57
49 203
49 169
49 59
49 61
49 170
49 204
49 172
49 173
49 65
49 174
49 68
49 175
49 71
49 181
49 72
49 74
49 76
49 78
49 184
49 79
49 186
49 205
148 187
6 148
105 148
107 148
148 191
111 148
148 192
120 148
121 148
148 194
127 148
148 195
31 148
130 148
148 197
46 148
148 159
148 160
148 161
51 148
52 148
53 148
148 162
54 148
148 167
57 148
148 169
60 148
148 170
62 148
63 148
65 148
66 148
148 174
148 175
69 148
72 148
148 182
74 148
75 148
77 148
78 148
148 184
148 186
46 222
46 84
46 86
46 211
46 105
46 191
46 108
46 114
46 115
46 117
46 219
46 237
46 224
46 194
46 126
46 127
46 195
46 239
46 207
31 46
38 46
46 132
39 46
46 196
46 137
46 145
46 208
46 220
46 236
46 157
46 158
46 159
46 51
46 229
46 55
46 216
46 164
46 165
46 56
46 203
46 169
46 59
46 60
46 61
46 170
46 217
46 62
46 171
46 172
46 67
46 68
46 176
46 69
46 178
46 72
46 182
46 74
46 76
46 184
46 79
46 205
46 80
50 86
6 50
50 211
12 50
50 223
50 190
50 114
50 219
50 120
50 225
50 125
50 207
31 50
50 130
50 196
50 136
50 137
50 197
50 208
50 151
50 152
50 226
50 158
50 159
50 160
50 53
50 229
50 54
50 55
50 216
50 163
50 166
50 202
50 56
50 203
50 59
50 217
50 63
50 204
50 231
50 172
50 173
50 66
50 174
50 68
50 175
50 176
50 177
50 69
50 70
50 71
50 180
50 182
50 74
50 76
50 77
50 79
50 205
84 215
211 215
11 215
17 215
215 224
120 215
121 215
193 215
128 215
207 215
33 215
130 215
131 215
38 215
39 215
133 215
139 215
142 215
147 215
150 215
152 215
153 215
214 215
157 215
158 215
59 215
60 215
61 215
63 215
65 215
66 215
68 215
180 215
72 215
74 215
76 215
158 187
86 158
12 158
111 158
120 158
125 158
158 195
39 158
136 158
158 242
158 235
158 160
158 164
158 209
158 168
158 203
158 169
158 170
62 158
63 158
69 158
70 158
158 181
72 158
74 158
158 233
158 218
77 158
158 184
79 158
80 158
84 160
97 160
111 160
118 160
160 194
123 160
160 225
127 160
160 195
160 207
30 160
31 160
130 160
38 160
134 160
160 196
136 160
160 208
152 160
53 160
160 228
160 162
160 230
160 167
56 160
160 203
59 160
160 171
64 160
68 160
160 175
160 177
69 160
70 160
71 160
160 182
74 160
75 160
77 160
160 184
79 160
83 161
84 161
161 187
86 161
6 161
161 188
94 161
161 245
96 161
12 161
105 161
161 223
161 190
111 161
161 237
119 161
161 224
120 161
125 161
127 161
30 161
31 161
130 161
132 161
39 161
161 197
161 208
161 200
151 161
152 161
161 220
156 161
161 201
159 161
51 161
161 227
52 161
53 161
161 228
161 162
54 161
161 163
161 164
161 165
161 166
161 167
161 202
56 161
60 161
161 217
63 161
161 172
161 173
161 174
161 175
161 178
161 179
161 181
72 161
161 182
74 161
75 161
76 161
161 184
80 161
51 187
6 51
51 211
12 51
51 206
51 107
51 108
51 117
51 238
51 125
51 127
30 51
31 51
38 51
39 51
51 196
51 136
51 137
51 197
51 145
51 200
51 152
51 213
51 226
51 156
51 159
51 53
51 228
51 229
51 162
51 163
51 209
51 167
51 202
51 203
51 169
51 59
51 61
51 170
51 62
51 172
51 173
51 65
51 67
51 68
51 177
51 70
51 180
51 181
51 72
51 182
51 74
51 76
51 185
51 186
52 222
6 52
52 211
12 52
52 223
52 191
52 114
52 117
52 192
52 219
52 237
52 123
52 195
30 52
38 52
52 132
52 197
52 145
52 208
52 212
52 200
52 151
52 234
52 213
52 236
52 156
52 201
52 157
52 227
52 53
52 228
52 55
52 216
52 164
52 165
52 166
52 167
52 57
52 60
52 170
52 62
52 171
52 63
52 204
52 64
52 65
52 174
52 67
52 175
52 176
52 232
52 177
52 178
52 70
52 74
52 233
52 210
52 76
52 78
52 184
52 79
52 205
52 80
53 83
53 84
53 187
6 53
53 211
53 100
53 107
53 118
53 224
53 238
53 194
53 225
53 126
53 195
53 136
53 208
53 200
53 151
53 234
53 156
53 228
53 162
53 54
53 55
53 216
53 221
53 163
53 209
53 166
53 202
53 203
53 170
53 62
53 63
53 204
53 173
53 65
53 66
53 174
53 67
53 176
53 178
53 70
53 71
53 179
53 181
53 72
53 74
53 75
53 77
53 184
53 205
53 80
6 162
162 188
12 162
107 162
111 162
120 162
121 162
162 194
162 195
30 162
31 162
38 162
39 162
157 162
159 162
162 169
60 162
162 170
62 162
63 162
162 172
66 162
68 162
162 175
162 177
69 162
162 178
70 162
71 162
72 162
162 182
74 162
75 162
77 162
162 186
80 162
39 83
6 39
39 188
39 96
39 211
39 100
39 104
12 39
39 107
39 108
39 219
39 237
39 224
39 194
39 130
38 39
39 145
39 208
39 235
39 152
39 240
39 220
39 226
39 201
39 159
39 228
39 55
39 216
39 165
39 209
39 230
39 166
39 167
39 56
39 168
39 59
39 61
39 204
39 172
39 65
39 174
39 68
39 175
39 176
39 232
39 69
39 71
39 74
39 76
39 77
39 184
39 79
39 186
39 205
1 145
84 145
86 145
6 145
95 145
145 211
97 145
100 145
107 145
108 145
111 145
116 145
145 219
118 145
121 145
123 145
30 145
131 145
38 145
132 145
145 196
141 145
145 208
145 154
145 158
145 160
145 202
145 168
57 145
145 203
145 169
59 145
60 145
145 217
62 145
145 172
67 145
69 145
145 178
72 145
145 182
74 145
75 145
76 145
77 145
145 184
145 186
80 145
54 84
54 187
54 86
6 54
54 188
54 97
54 100
54 190
54 191
54 117
54 192
54 224
54 121
54 125
30 54
54 130
38 54
54 132
54 234
54 213
54 240
54 228
54 164
54 166
54 169
54 60
54 61
54 63
54 64
54 173
54 66
54 174
54 67
54 178
54 70
54 71
54 72
54 182
54 74
54 75
54 76
54 205
55 187
6 55
55 94
55 96
55 100
55 105
55 206
55 190
55 108
55 111
55 117
55 219
55 118
55 224
55 238
55 120
55 123
55 225
55 125
55 127
30 55
55 196
55 137
55 197
55 208
55 151
55 234
55 213
55 240
55 214
55 157
55 159
55 228
55 221
55 163
55 164
55 167
55 168
55 169
55 60
55 204
55 64
55 231
55 172
55 173
55 65
55 174
55 67
55 175
55 232
55 177
55 70
55 181
55 72
55 182
55 74
55 76
55 186
55 80
1 216
81 216
84 216
86 216
6 216
97 216
189 216
12 216
105 216
216 223
192 216
121 216
22 216
126 216
127 216
195 216
129 216
30 216
31 216
130 216
38 216
132 216
136 216
197 216
141 216
200 216
152 216
213 216
153 216
155 216
216 221
163 216
168 216
57 216
203 216
59 216
61 216
63 216
204 216
66 216
174 216
67 216
68 216
175 216
176 216
177 216
178 216
70 216
179 216
74 216
75 216
186 216
205 216
86 164
6 164
103 164
104 164
164 191
22 164
125 164
164 195
26 164
151 164
164 234
156 164
162 164
164 166
164 203
164 169
164 170
164 217
62 164
164 172
164 173
65 164
66 164
68 164
164 177
164 178
164 179
72 164
76 164
164 184
164 185
164 186
80 164
92 209
101 209
104 209
12 209
111 209
121 209
125 209
28 209
135 209
197 209
143 209
149 209
200 209
54 209
165 209
59 209
170 209
63 209
172 209
173 209
65 209
68 209
177 209
70 209
179 209
184 209
80 209
84 166
86 166
6 166
101 166
104 166
107 166
166 191
121 166
166 193
125 166
126 166
130 166
38 166
132 166
166 208
166 200
152 166
154 166
156 166
162 166
163 166
165 166
166 202
56 166
166 169
59 166
60 166
62 166
63 166
166 172
166 173
66 166
166 174
68 166
166 176
166 177
166 178
166 179
73 166
77 166
166 184
79 83
6 79
79 101
12 79
79 108
20 79
79 224
79 122
79 129
32 79
79 132
79 138
79 198
79 152
79 154
79 220
79 159
56 79
62 79
64 79
65 79
68 79
79 232
70 79
79 180
79 185
79 80
187 202
86 202
6 202
27 202
155 202
202 228
202 229
163 202
56 202
66 202
178 202
70 202
179 202
72 202
73 202
202 218
202 205
56 187
56 86
6 56
56 97
56 190
56 114
56 192
56 219
56 121
56 124
56 127
56 130
38 56
56 196
56 197
56 151
56 201
56 157
56 228
56 163
56 165
56 167
56 168
56 57
56 203
56 169
56 59
56 61
56 62
56 171
56 63
56 204
56 64
56 65
56 175
56 232
56 69
56 71
56 181
56 182
56 74
56 75
56 76
56 184
56 186
56 205
56 80
1 168
84 168
168 187
85 168
100 168
12 168
105 168
168 190
107 168
111 168
117 168
118 168
121 168
123 168
127 168
168 207
31 168
130 168
38 168
132 168
137 168
168 197
168 212
168 200
151 168
168 229
168 230
57 168
62 168
63 168
168 173
66 168
168 174
168 175
70 168
76 168
168 184
168 205
57 187
57 86
6 57
57 97
57 99
57 103
57 104
57 105
57 190
57 191
57 111
57 114
57 117
18 57
57 192
57 119
57 238
57 193
57 123
57 225
57 207
30 57
57 131
38 57
57 197
57 143
57 200
57 234
57 220
57 214
57 157
57 158
57 227
57 221
57 163
57 167
57 202
57 169
57 59
57 60
57 170
57 62
57 171
57 64
57 173
57 66
57 174
57 68
57 176
57 178
57 181
57 182
57 74
57 76
57 184
57 79
57 186
57 205
81 203
203 222
84 203
86 203
88 203
90 203
94 203
97 203
100 203
101 203
104 203
189 203
107 203
203 225
128 203
129 203
31 203
37 203
38 203
40 203
134 203
136 203
137 203
203 212
200 203
151 203
203 220
203 214
167 203
169 203
61 203
62 203
63 203
64 203
172 203
174 203
175 203
176 203
177 203
178 203
70 203
181 203
72 203
182 203
203 205
80 203
86 169
169 188
96 169
100 169
103 169
12 169
107 169
169 192
123 169
130 169
131 169
136 169
156 169
169 228
59 169
60 169
61 169
62 169
169 171
63 169
169 173
65 169
66 169
69 169
169 181
75 169
77 169
169 205
59 86
59 188
59 96
12 59
59 206
59 190
59 107
59 191
59 108
59 117
59 219
59 118
59 238
59 120
59 121
59 123
59 126
59 207
30 59
59 130
59 196
59 136
59 197
59 212
59 200
59 152
59 226
59 236
59 156
59 157
59 243
59 165
59 61
59 62
59 172
59 65
59 66
59 174
59 67
59 68
59 175
59 176
59 69
59 178
59 70
59 179
59 180
59 181
59 72
59 74
59 76
59 78
59 184
59 185
59 186
60 84
60 187
60 86
6 60
60 211
60 97
60 99
60 100
60 189
60 105
60 206
60 223
60 190
60 114
60 117
60 219
60 118
60 224
60 238
60 120
60 123
60 125
60 239
30 60
38 60
60 196
60 137
60 141
60 208
60 234
60 213
60 220
60 226
60 236
60 156
60 159
60 228
60 165
60 230
60 167
60 202
60 217
60 62
60 171
60 172
60 173
60 66
60 174
60 67
60 176
60 177
60 70
60 71
60 179
60 180
60 72
60 74
60 210
60 76
60 78
1 170
84 170
6 170
170 188
170 211
100 170
104 170
105 170
170 190
107 170
170 191
170 192
170 219
170 237
170 224
170 238
170 194
123 170
170 225
126 170
30 170
170 196
137 170
170 200
151 170
170 234
152 170
170 220
156 170
170 201
157 170
159 170
170 228
170 221
170 202
61 170
170 171
63 170
170 175
170 178
170 179
72 170
170 182
170 210
76 170
77 170
170 184
170 185
170 205
80 170
83 211
187 211
6 211
89 211
92 211
102 211
12 211
121 211
28 211
131 211
37 211
132 211
149 211
211 212
150 211
211 213
157 211
159 211
211 229
165 211
61 211
172 211
173 211
65 211
66 211
211 232
179 211
72 211
80 211
62 187
62 94
62 211
62 104
12 62
62 206
62 190
62 191
62 114
62 219
62 118
62 237
62 224
62 123
62 225
62 126
62 207
30 62
62 130
38 62
62 132
62 196
62 136
62 197
62 208
62 200
62 234
62 213
62 156
62 159
62 227
62 221
62 165
62 167
62 63
62 204
62 172
62 173
62 66
62 174
62 68
62 175
62 69
62 70
62 71
62 179
62 180
62 72
62 74
62 75
62 233
62 76
62 78
62 186
63 222
63 83
63 84
63 187
63 86
6 63
63 188
63 94
63 104
63 105
63 190
63 107
63 108
63 111
63 117
63 219
63 118
63 238
63 125
63 126
30 63
31 63
63 130
63 132
63 137
63 197
63 208
63 151
63 234
63 152
63 220
63 226
63 157
63 159
63 228
63 229
63 221
61 63
63 204
63 172
63 173
63 65
63 66
63 175
63 177
63 70
63 71
63 180
63 72
63 182
63 74
63 75
63 76
63 78
63 186
63 205
12 83
12 84
12 86
12 188
12 96
12 97
12 99
12 100
12 190
12 107
12 108
12 127
12 207
12 30
12 130
12 197
12 212
12 200
12 152
12 159
12 227
12 229
12 61
12 217
12 64
12 173
12 67
12 176
12 69
12 178
12 70
12 181
12 72
12 74
12 75
12 76
12 77
12 185
12 186
12 205
85 194
4 194
6 194
100 194
101 194
11 194
105 194
106 194
25 194
28 194
31 194
33 194
38 194
140 194
149 194
155 194
158 194
169 194
58 194
62 194
65 194
69 194
178 194
181 194
72 194
182 194
74 194
75 194
77 194
79 194
186 194
86 172
6 172
97 172
104 172
111 172
114 172
125 172
172 207
31 172
37 172
132 172
172 208
172 200
154 172
56 172
171 172
68 172
172 177
70 172
172 181
72 172
75 172
172 210
76 172
77 172
65 222
65 187
6 65
65 97
65 104
65 223
65 190
65 107
65 108
65 111
65 118
65 224
65 121
65 125
65 127
65 239
65 207
30 65
65 130
38 65
65 196
65 136
65 137
65 200
65 151
65 234
65 235
65 152
65 213
65 220
65 236
65 156
65 201
65 157
65 165
65 230
65 167
65 202
61 65
65 171
64 65
65 231
65 173
65 66
65 174
65 67
65 176
65 177
65 178
65 70
65 71
65 72
65 74
65 233
65 210
65 76
65 78
65 185
65 186
65 205
65 80
6 66
66 188
66 97
66 100
66 104
66 105
66 107
66 108
66 111
66 114
66 117
66 219
66 237
66 238
66 120
66 121
66 125
66 207
38 66
66 196
66 200
66 235
66 214
66 157
66 159
66 221
61 66
66 217
66 171
64 66
66 67
66 68
66 69
66 178
66 71
66 181
66 182
66 74
66 75
66 76
66 78
66 184
66 80
1 182
182 222
86 182
93 182
95 182
97 182
100 182
108 182
111 182
117 182
182 219
118 182
119 182
121 182
122 182
126 182
25 182
30 182
38 182
182 197
143 182
182 212
157 182
158 182
163 182
166 182
167 182
182 202
168 182
61 182
171 182
172 182
174 182
175 182
178 182
180 182
181 182
74 182
75 182
77 182
78 182
182 186
68 83
68 84
68 187
6 68
68 94
68 96
68 97
68 104
68 105
68 206
68 107
68 191
68 111
68 114
68 192
68 219
68 224
68 125
68 126
68 127
68 207
30 68
31 68
68 130
38 68
68 136
68 200
68 234
68 235
68 220
68 214
68 201
68 157
68 159
68 227
68 221
68 165
68 167
61 68
68 231
68 174
67 68
68 70
68 71
68 76
68 77
68 185
6 175
107 175
175 191
17 175
117 175
121 175
123 175
127 175
158 175
61 175
172 175
69 175
70 175
74 175
75 175
76 175
77 175
1 178
6 178
178 211
100 178
104 178
105 178
178 190
111 178
178 224
121 178
31 178
130 178
38 178
132 178
178 196
137 178
178 197
159 178
178 227
178 228
163 178
171 178
64 178
173 178
174 178
67 178
178 232
71 178
72 178
74 178
76 178
77 178
78 178
178 184
80 178
70 187
70 86
6 70
70 105
70 206
70 191
70 117
70 224
70 238
70 121
70 123
70 125
70 196
70 137
70 208
70 151
70 220
70 226
70 236
70 214
70 229
70 163
70 165
70 230
70 167
61 70
70 217
70 171
70 204
70 174
69 70
70 180
70 181
70 74
70 75
70 218
70 76
70 185
70 186
70 205
70 80
181 187
6 181
95 181
97 181
98 181
100 181
181 191
111 181
114 181
181 192
120 181
121 181
181 225
25 181
181 195
38 181
40 181
181 196
181 197
181 212
181 213
154 181
61 181
171 181
64 181
173 181
174 181
181 232
69 181
179 181
72 181
74 181
75 181
76 181
77 181
181 184
181 186
72 86
6 72
72 100
72 105
72 191
72 192
72 219
72 118
72 121
72 125
30 72
72 130
38 72
72 136
72 137
72 208
72 200
72 213
72 214
72 156
72 201
72 157
72 159
72 163
72 167
61 72
72 171
72 204
64 72
72 173
67 72
69 72
71 72
72 74
72 76
72 77
72 78
72 184
72 79
72 186
72 80
69 84
69 97
69 100
69 105
69 191
69 192
69 238
69 123
69 127
30 69
69 132
69 137
69 242
69 200
69 236
69 214
69 228
69 243
69 165
69 167
61 69
69 217
69 204
69 173
69 174
67 69
69 176
69 177
69 71
69 74
69 75
69 218
69 76
69 184
69 186
69 80
74 222
6 74
74 188
74 96
74 97
74 104
74 206
74 223
74 107
74 191
74 108
74 114
74 192
74 219
74 238
74 120
74 123
74 125
74 127
74 195
74 239
30 74
74 196
74 208
74 212
74 200
74 235
74 152
74 214
74 156
74 159
74 227
74 229
74 165
74 171
74 204
74 231
74 173
74 174
74 177
71 74
74 75
74 76
74 77
74 78
74 184
74 185
74 205
74 80
75 222
75 83
75 84
75 187
75 85
6 75
75 96
75 97
75 100
75 103
75 189
75 105
75 111
75 114
75 192
75 120
75 123
75 127
75 195
30 75
75 130
75 131
38 75
75 196
75 136
75 152
75 156
75 158
75 166
75 167
75 202
64 75
67 75
75 176
75 177
75 77
77 83
77 84
77 94
77 97
77 189
77 107
77 191
77 114
77 117
77 219
77 125
77 195
30 77
77 136
77 197
77 200
77 213
77 167
61 77
64 77
77 174
67 77
77 184
77 186
77 205
76 187
76 86
6 76
76 104
76 105
76 206
76 107
76 191
76 192
76 219
76 118
76 120
76 125
76 195
76 239
30 76
76 196
76 136
76 197
76 213
76 226
76 201
76 157
76 228
76 229
76 165
76 230
61 76
76 171
76 204
64 76
76 231
76 174
76 176
71 76
76 180
76 184
76 185
61 84
61 187
61 86
6 61
61 100
61 191
61 121
61 195
38 61
61 136
61 159
61 171
61 177
61 78
61 205
61 80
84 171
6 171
90 171
97 171
100 171
104 171
105 171
171 223
107 171
171 191
171 195
31 171
131 171
171 196
136 171
137 171
171 197
143 171
152 171
161 171
163 171
171 203
171 231
171 174
171 184
171 186
